110 11 128 63 bottle 0.9963099360466003 
125 12 141 65 bottle 0.9943637847900391 
139 9 156 67 bottle 0.9924083352088928 
3 203 21 259 bottle 0.9914297461509705 
155 13 170 65 bottle 0.9900246858596802 
20 204 36 259 bottle 0.9887142777442932 
170 13 185 64 bottle 0.9868445992469788 
69 9 84 64 bottle 0.9864605069160461 
42 8 56 63 bottle 0.9795631170272827 
29 8 44 62 bottle 0.9778074622154236 
147 141 159 186 bottle 0.9700257778167725 
23 141 37 192 bottle 0.9426574110984802 
157 141 171 188 bottle 0.9418676495552063 
127 215 143 258 bottle 0.9352200627326965 
132 141 146 184 bottle 0.9316812753677368 
146 85 161 127 bottle 0.9307687878608704 
183 142 196 185 bottle 0.9244309663772583 
56 8 71 63 bottle 0.9204367399215698 
164 83 177 127 bottle 0.9192213416099548 
172 142 185 187 bottle 0.9190700054168701 
141 214 156 258 bottle 0.9150765538215637 
0 139 10 189 bottle 0.8918838500976562 
182 14 195 61 bottle 0.8834217190742493 
111 214 127 258 bottle 0.8815336227416992 
16 1 29 63 bottle 0.8783456087112427 
65 212 80 260 bottle 0.8664536476135254 
84 13 94 65 bottle 0.8638954162597656 
182 83 193 126 bottle 0.8633836507797241 
191 16 200 60 bottle 0.8569145202636719 
191 84 200 126 bottle 0.8551099300384521 
156 204 170 260 bottle 0.8474982380867004 
36 213 51 260 bottle 0.8398627042770386 
188 143 199 185 bottle 0.835660457611084 
79 208 92 259 bottle 0.8258590698242188 
174 82 185 127 bottle 0.818778395652771 
121 140 133 184 bottle 0.8187317252159119 
38 146 53 191 bottle 0.8139118552207947 
15 139 26 190 bottle 0.8083187937736511 
130 93 143 128 bottle 0.8011808395385742 
