116 52 153 86 apple 0.9736335277557373 
72 1 95 20 apple 0.9691255688667297 
53 8 81 32 apple 0.9684596657752991 
106 31 133 56 apple 0.9642325043678284 
101 68 138 102 apple 0.9639600515365601 
47 71 90 103 apple 0.9603514075279236 
94 11 118 35 apple 0.9502158761024475 
78 17 105 43 apple 0.9499203562736511 
40 40 80 71 apple 0.9473246335983276 
70 54 104 91 apple 0.9472244381904602 
18 55 56 91 apple 0.9384728074073792 
107 4 130 28 apple 0.9056942462921143 
121 23 147 49 apple 0.8725883960723877 
0 42 25 73 apple 0.8502267003059387 
138 40 168 74 apple 0.8391050696372986 
149 67 189 100 apple 0.828968346118927 
0 2 199 104 dining table 0.8280768990516663 
0 74 30 102 apple 0.823749303817749 
90 40 124 71 apple 0.8070467710494995 
143 4 171 34 apple 0.7957745790481567 
134 84 174 104 apple 0.5906433463096619 
84 89 124 104 apple 0.5204342603683472 
